# Created by Octave 7.3.0, Thu Mar 30 13:33:40 2023 GMT <unknown@JacobDesktop-PC>
# name: M
# type: matrix
# rows: 1923
# columns: 2
 89 1
 90 1
 87 2
 88 2
 89 2
 90 2
 86 3
 87 3
 88 3
 89 3
 90 3
 85 4
 86 4
 89 4
 84 5
 85 5
 88 5
 89 5
 84 6
 85 6
 88 6
 89 6
 83 7
 84 7
 88 7
 82 8
 83 8
 87 8
 88 8
 81 9
 82 9
 87 9
 88 9
 81 10
 82 10
 87 10
 88 10
 80 11
 81 11
 87 11
 80 12
 81 12
 86 12
 87 12
 79 13
 80 13
 86 13
 87 13
 79 14
 80 14
 86 14
 87 14
 78 15
 79 15
 86 15
 78 16
 79 16
 85 16
 86 16
 77 17
 78 17
 85 17
 86 17
 77 18
 78 18
 85 18
 86 18
 77 19
 78 19
 85 19
 86 19
 76 20
 77 20
 84 20
 85 20
 76 21
 77 21
 84 21
 85 21
 76 22
 77 22
 84 22
 85 22
 75 23
 76 23
 84 23
 85 23
 75 24
 76 24
 84 24
 75 25
 76 25
 83 25
 84 25
 75 26
 83 26
 84 26
 74 27
 75 27
 83 27
 84 27
 74 28
 75 28
 83 28
 84 28
 59 29
 60 29
 74 29
 75 29
 83 29
 84 29
 59 30
 60 30
 74 30
 75 30
 83 30
 58 31
 59 31
 60 31
 73 31
 74 31
 82 31
 83 31
 58 32
 59 32
 60 32
 73 32
 74 32
 82 32
 83 32
 57 33
 58 33
 59 33
 60 33
 73 33
 74 33
 82 33
 83 33
 57 34
 59 34
 60 34
 73 34
 74 34
 82 34
 83 34
 56 35
 57 35
 59 35
 60 35
 73 35
 74 35
 82 35
 83 35
 56 36
 57 36
 59 36
 60 36
 73 36
 82 36
 56 37
 59 37
 60 37
 72 37
 73 37
 81 37
 82 37
 55 38
 56 38
 59 38
 60 38
 72 38
 73 38
 81 38
 82 38
 55 39
 56 39
 59 39
 60 39
 72 39
 73 39
 81 39
 82 39
 55 40
 60 40
 72 40
 73 40
 81 40
 82 40
 54 41
 55 41
 60 41
 61 41
 72 41
 73 41
 81 41
 82 41
 54 42
 55 42
 60 42
 61 42
 72 42
 73 42
 81 42
 82 42
 54 43
 55 43
 60 43
 61 43
 72 43
 81 43
 54 44
 55 44
 60 44
 61 44
 72 44
 81 44
 54 45
 60 45
 61 45
 71 45
 72 45
 80 45
 81 45
 54 46
 61 46
 71 46
 72 46
 80 46
 81 46
 53 47
 54 47
 61 47
 62 47
 71 47
 72 47
 80 47
 81 47
 53 48
 54 48
 61 48
 62 48
 71 48
 72 48
 80 48
 81 48
 53 49
 54 49
 61 49
 62 49
 71 49
 72 49
 80 49
 81 49
 53 50
 54 50
 61 50
 62 50
 71 50
 72 50
 80 50
 81 50
 46 51
 47 51
 53 51
 54 51
 62 51
 63 51
 71 51
 72 51
 80 51
 81 51
 45 52
 46 52
 47 52
 53 52
 54 52
 62 52
 63 52
 71 52
 72 52
 80 52
 45 53
 46 53
 47 53
 54 53
 62 53
 63 53
 71 53
 72 53
 80 53
 44 54
 45 54
 46 54
 47 54
 54 54
 55 54
 63 54
 64 54
 71 54
 72 54
 79 54
 80 54
 44 55
 45 55
 47 55
 54 55
 55 55
 63 55
 64 55
 71 55
 79 55
 80 55
 44 56
 47 56
 48 56
 54 56
 55 56
 63 56
 64 56
 71 56
 79 56
 80 56
 43 57
 44 57
 47 57
 48 57
 54 57
 55 57
 64 57
 65 57
 71 57
 79 57
 80 57
 43 58
 44 58
 47 58
 48 58
 54 58
 55 58
 64 58
 65 58
 70 58
 71 58
 79 58
 80 58
 43 59
 44 59
 48 59
 49 59
 55 59
 65 59
 70 59
 71 59
 79 59
 80 59
 43 60
 44 60
 48 60
 49 60
 55 60
 56 60
 65 60
 66 60
 70 60
 71 60
 79 60
 80 60
 43 61
 44 61
 48 61
 49 61
 55 61
 56 61
 65 61
 66 61
 70 61
 71 61
 79 61
 80 61
 43 62
 44 62
 49 62
 50 62
 55 62
 56 62
 66 62
 67 62
 70 62
 71 62
 79 62
 80 62
 43 63
 44 63
 49 63
 50 63
 56 63
 66 63
 67 63
 70 63
 71 63
 79 63
 80 63
 43 64
 44 64
 50 64
 51 64
 56 64
 57 64
 67 64
 68 64
 70 64
 71 64
 79 64
 43 65
 44 65
 50 65
 51 65
 56 65
 57 65
 67 65
 68 65
 70 65
 71 65
 79 65
 43 66
 44 66
 51 66
 52 66
 57 66
 68 66
 70 66
 71 66
 79 66
 41 67
 42 67
 44 67
 51 67
 52 67
 57 67
 58 67
 68 67
 69 67
 70 67
 71 67
 78 67
 79 67
 41 68
 42 68
 44 68
 45 68
 52 68
 53 68
 57 68
 58 68
 68 68
 69 68
 70 68
 71 68
 78 68
 79 68
 41 69
 42 69
 43 69
 44 69
 45 69
 52 69
 53 69
 54 69
 58 69
 59 69
 69 69
 70 69
 71 69
 78 69
 79 69
 41 70
 42 70
 43 70
 45 70
 53 70
 54 70
 58 70
 59 70
 69 70
 70 70
 71 70
 78 70
 79 70
 98 70
 99 70
 100 70
 101 70
 102 70
 103 70
 104 70
 105 70
 41 71
 42 71
 43 71
 44 71
 45 71
 46 71
 54 71
 55 71
 58 71
 59 71
 70 71
 71 71
 78 71
 79 71
 96 71
 97 71
 98 71
 99 71
 102 71
 103 71
 104 71
 105 71
 106 71
 107 71
 41 72
 42 72
 44 72
 45 72
 46 72
 55 72
 56 72
 59 72
 60 72
 78 72
 79 72
 95 72
 96 72
 97 72
 106 72
 107 72
 108 72
 41 73
 42 73
 44 73
 45 73
 46 73
 47 73
 55 73
 56 73
 57 73
 59 73
 60 73
 78 73
 79 73
 94 73
 95 73
 107 73
 108 73
 41 74
 42 74
 45 74
 46 74
 47 74
 56 74
 57 74
 58 74
 60 74
 61 74
 78 74
 79 74
 93 74
 94 74
 108 74
 41 75
 42 75
 45 75
 46 75
 47 75
 48 75
 57 75
 58 75
 60 75
 61 75
 78 75
 79 75
 92 75
 93 75
 108 75
 109 75
 41 76
 42 76
 46 76
 47 76
 48 76
 49 76
 58 76
 59 76
 60 76
 61 76
 78 76
 79 76
 91 76
 92 76
 108 76
 41 77
 42 77
 47 77
 48 77
 49 77
 59 77
 60 77
 61 77
 62 77
 78 77
 79 77
 90 77
 91 77
 107 77
 108 77
 42 78
 43 78
 47 78
 48 78
 49 78
 50 78
 60 78
 61 78
 62 78
 78 78
 79 78
 89 78
 90 78
 108 78
 109 78
 42 79
 43 79
 48 79
 49 79
 50 79
 51 79
 61 79
 62 79
 78 79
 79 79
 88 79
 89 79
 108 79
 109 79
 42 80
 43 80
 49 80
 50 80
 51 80
 52 80
 78 80
 79 80
 88 80
 89 80
 109 80
 110 80
 42 81
 43 81
 50 81
 51 81
 52 81
 78 81
 79 81
 87 81
 88 81
 110 81
 111 81
 43 82
 44 82
 51 82
 52 82
 53 82
 78 82
 79 82
 86 82
 87 82
 110 82
 111 82
 43 83
 44 83
 52 83
 53 83
 54 83
 78 83
 79 83
 85 83
 86 83
 111 83
 112 83
 44 84
 45 84
 53 84
 54 84
 55 84
 78 84
 79 84
 84 84
 85 84
 112 84
 44 85
 45 85
 54 85
 55 85
 56 85
 78 85
 79 85
 83 85
 84 85
 100 85
 101 85
 102 85
 103 85
 104 85
 105 85
 106 85
 112 85
 113 85
 45 86
 46 86
 55 86
 56 86
 57 86
 78 86
 79 86
 81 86
 82 86
 83 86
 98 86
 99 86
 100 86
 101 86
 102 86
 103 86
 104 86
 105 86
 106 86
 107 86
 108 86
 112 86
 113 86
 45 87
 46 87
 57 87
 78 87
 79 87
 80 87
 81 87
 82 87
 97 87
 98 87
 99 87
 107 87
 108 87
 109 87
 112 87
 113 87
 46 88
 47 88
 78 88
 79 88
 80 88
 96 88
 97 88
 109 88
 110 88
 112 88
 113 88
 39 89
 40 89
 41 89
 47 89
 48 89
 95 89
 96 89
 110 89
 111 89
 112 89
 179 89
 40 90
 41 90
 42 90
 47 90
 48 90
 49 90
 94 90
 95 90
 110 90
 111 90
 112 90
 175 90
 176 90
 177 90
 178 90
 179 90
 40 91
 41 91
 42 91
 43 91
 48 91
 49 91
 93 91
 94 91
 172 91
 173 91
 174 91
 175 91
 176 91
 177 91
 178 91
 179 91
 40 92
 41 92
 43 92
 44 92
 45 92
 49 92
 50 92
 92 92
 93 92
 167 92
 168 92
 169 92
 170 92
 171 92
 172 92
 173 92
 174 92
 176 92
 177 92
 41 93
 44 93
 45 93
 46 93
 47 93
 50 93
 51 93
 52 93
 92 93
 93 93
 162 93
 163 93
 164 93
 165 93
 166 93
 167 93
 168 93
 169 93
 170 93
 176 93
 177 93
 41 94
 42 94
 46 94
 47 94
 48 94
 49 94
 50 94
 51 94
 52 94
 53 94
 91 94
 92 94
 156 94
 157 94
 158 94
 159 94
 160 94
 161 94
 162 94
 163 94
 164 94
 165 94
 166 94
 175 94
 176 94
 42 95
 43 95
 48 95
 49 95
 50 95
 51 95
 52 95
 53 95
 91 95
 147 95
 148 95
 149 95
 150 95
 151 95
 152 95
 153 95
 154 95
 155 95
 156 95
 157 95
 158 95
 159 95
 160 95
 173 95
 174 95
 175 95
 42 96
 43 96
 90 96
 91 96
 136 96
 137 96
 138 96
 139 96
 140 96
 141 96
 142 96
 143 96
 144 96
 145 96
 146 96
 147 96
 148 96
 149 96
 150 96
 151 96
 152 96
 153 96
 172 96
 173 96
 174 96
 43 97
 44 97
 89 97
 90 97
 91 97
 92 97
 93 97
 94 97
 95 97
 96 97
 97 97
 98 97
 99 97
 100 97
 101 97
 102 97
 103 97
 104 97
 105 97
 106 97
 107 97
 108 97
 109 97
 110 97
 111 97
 112 97
 113 97
 114 97
 115 97
 116 97
 117 97
 118 97
 119 97
 120 97
 121 97
 122 97
 123 97
 124 97
 125 97
 126 97
 127 97
 128 97
 129 97
 130 97
 131 97
 132 97
 133 97
 134 97
 135 97
 136 97
 137 97
 138 97
 139 97
 140 97
 141 97
 142 97
 143 97
 144 97
 145 97
 171 97
 172 97
 173 97
 44 98
 45 98
 89 98
 90 98
 91 98
 92 98
 93 98
 94 98
 95 98
 96 98
 97 98
 98 98
 99 98
 100 98
 101 98
 102 98
 103 98
 104 98
 105 98
 106 98
 107 98
 108 98
 109 98
 110 98
 111 98
 112 98
 113 98
 114 98
 115 98
 116 98
 117 98
 118 98
 119 98
 120 98
 121 98
 122 98
 123 98
 124 98
 125 98
 126 98
 127 98
 128 98
 129 98
 130 98
 131 98
 132 98
 169 98
 170 98
 171 98
 45 99
 46 99
 47 99
 167 99
 168 99
 169 99
 170 99
 46 100
 47 100
 48 100
 49 100
 165 100
 166 100
 167 100
 168 100
 48 101
 49 101
 50 101
 51 101
 163 101
 164 101
 165 101
 166 101
 41 102
 42 102
 49 102
 50 102
 51 102
 160 102
 161 102
 162 102
 163 102
 164 102
 41 103
 42 103
 43 103
 44 103
 45 103
 46 103
 47 103
 48 103
 49 103
 50 103
 157 103
 158 103
 159 103
 160 103
 161 103
