# Created by Octave 7.3.0, Thu Mar 30 13:01:37 2023 GMT <unknown@JacobDesktop-PC>
# name: M
# type: matrix
# rows: 1425
# columns: 2
 69 1
 70 1
 68 2
 69 2
 70 2
 67 3
 68 3
 69 3
 70 3
 66 4
 67 4
 69 4
 65 5
 66 5
 68 5
 69 5
 64 6
 65 6
 68 6
 69 6
 63 7
 64 7
 68 7
 69 7
 63 8
 64 8
 68 8
 62 9
 63 9
 67 9
 68 9
 62 10
 63 10
 67 10
 68 10
 61 11
 62 11
 67 11
 68 11
 61 12
 62 12
 67 12
 60 13
 61 13
 66 13
 67 13
 60 14
 61 14
 66 14
 67 14
 60 15
 66 15
 67 15
 59 16
 60 16
 66 16
 59 17
 60 17
 65 17
 66 17
 59 18
 65 18
 66 18
 58 19
 59 19
 65 19
 66 19
 58 20
 59 20
 65 20
 66 20
 58 21
 59 21
 65 21
 58 22
 65 22
 46 23
 47 23
 57 23
 58 23
 64 23
 65 23
 45 24
 46 24
 47 24
 57 24
 58 24
 64 24
 65 24
 45 25
 46 25
 47 25
 57 25
 58 25
 64 25
 65 25
 44 26
 45 26
 46 26
 47 26
 57 26
 58 26
 64 26
 65 26
 44 27
 45 27
 46 27
 47 27
 57 27
 64 27
 44 28
 46 28
 47 28
 57 28
 64 28
 43 29
 44 29
 46 29
 47 29
 56 29
 57 29
 63 29
 64 29
 43 30
 44 30
 46 30
 47 30
 56 30
 57 30
 63 30
 64 30
 43 31
 46 31
 47 31
 56 31
 57 31
 63 31
 64 31
 42 32
 43 32
 46 32
 47 32
 56 32
 57 32
 63 32
 64 32
 42 33
 43 33
 47 33
 56 33
 57 33
 63 33
 64 33
 42 34
 43 34
 47 34
 48 34
 56 34
 57 34
 63 34
 42 35
 43 35
 47 35
 48 35
 56 35
 63 35
 42 36
 47 36
 48 36
 56 36
 62 36
 63 36
 42 37
 47 37
 48 37
 55 37
 56 37
 62 37
 63 37
 42 38
 48 38
 55 38
 56 38
 62 38
 63 38
 42 39
 48 39
 49 39
 55 39
 56 39
 62 39
 63 39
 36 40
 37 40
 42 40
 48 40
 49 40
 55 40
 56 40
 62 40
 63 40
 35 41
 36 41
 37 41
 42 41
 48 41
 49 41
 55 41
 56 41
 62 41
 63 41
 35 42
 36 42
 37 42
 42 42
 43 42
 49 42
 50 42
 55 42
 56 42
 62 42
 63 42
 34 43
 35 43
 36 43
 37 43
 42 43
 43 43
 49 43
 50 43
 55 43
 56 43
 62 43
 63 43
 34 44
 35 44
 37 44
 42 44
 43 44
 49 44
 50 44
 55 44
 56 44
 62 44
 34 45
 37 45
 38 45
 42 45
 43 45
 50 45
 51 45
 55 45
 56 45
 62 45
 33 46
 34 46
 37 46
 38 46
 42 46
 43 46
 50 46
 51 46
 55 46
 56 46
 61 46
 62 46
 33 47
 34 47
 37 47
 38 47
 43 47
 44 47
 51 47
 52 47
 55 47
 56 47
 61 47
 62 47
 33 48
 34 48
 38 48
 39 48
 43 48
 44 48
 51 48
 52 48
 55 48
 61 48
 62 48
 33 49
 34 49
 38 49
 39 49
 43 49
 44 49
 51 49
 52 49
 55 49
 61 49
 62 49
 33 50
 34 50
 39 50
 40 50
 44 50
 52 50
 53 50
 55 50
 61 50
 62 50
 34 51
 39 51
 40 51
 44 51
 45 51
 52 51
 53 51
 55 51
 61 51
 62 51
 32 52
 34 52
 35 52
 40 52
 41 52
 44 52
 45 52
 53 52
 54 52
 55 52
 61 52
 62 52
 32 53
 33 53
 34 53
 35 53
 40 53
 41 53
 45 53
 53 53
 54 53
 55 53
 61 53
 62 53
 32 54
 33 54
 34 54
 35 54
 41 54
 42 54
 45 54
 46 54
 54 54
 55 54
 61 54
 62 54
 77 54
 78 54
 79 54
 80 54
 81 54
 32 55
 33 55
 34 55
 35 55
 36 55
 42 55
 43 55
 45 55
 46 55
 54 55
 55 55
 61 55
 62 55
 75 55
 76 55
 77 55
 78 55
 79 55
 80 55
 81 55
 82 55
 83 55
 32 56
 33 56
 34 56
 35 56
 36 56
 42 56
 43 56
 46 56
 47 56
 55 56
 61 56
 62 56
 74 56
 75 56
 76 56
 82 56
 83 56
 84 56
 32 57
 33 57
 34 57
 35 57
 36 57
 37 57
 43 57
 44 57
 46 57
 47 57
 61 57
 62 57
 73 57
 74 57
 84 57
 32 58
 33 58
 35 58
 36 58
 37 58
 44 58
 45 58
 47 58
 61 58
 62 58
 72 58
 73 58
 84 58
 85 58
 32 59
 33 59
 36 59
 37 59
 38 59
 45 59
 46 59
 47 59
 48 59
 61 59
 62 59
 71 59
 72 59
 84 59
 85 59
 32 60
 33 60
 36 60
 37 60
 38 60
 39 60
 46 60
 47 60
 48 60
 61 60
 62 60
 70 60
 71 60
 84 60
 32 61
 33 61
 37 61
 38 61
 39 61
 47 61
 48 61
 61 61
 62 61
 69 61
 70 61
 84 61
 85 61
 33 62
 34 62
 38 62
 39 62
 40 62
 48 62
 61 62
 62 62
 68 62
 69 62
 84 62
 85 62
 33 63
 34 63
 39 63
 40 63
 41 63
 61 63
 62 63
 68 63
 69 63
 85 63
 86 63
 33 64
 34 64
 40 64
 41 64
 42 64
 61 64
 62 64
 67 64
 68 64
 86 64
 87 64
 34 65
 35 65
 41 65
 42 65
 43 65
 61 65
 62 65
 66 65
 67 65
 87 65
 34 66
 35 66
 42 66
 43 66
 44 66
 61 66
 62 66
 65 66
 66 66
 78 66
 79 66
 80 66
 81 66
 82 66
 87 66
 88 66
 35 67
 36 67
 43 67
 44 67
 61 67
 62 67
 63 67
 64 67
 65 67
 76 67
 77 67
 78 67
 79 67
 80 67
 81 67
 82 67
 83 67
 84 67
 87 67
 88 67
 35 68
 36 68
 61 68
 62 68
 63 68
 75 68
 76 68
 77 68
 83 68
 84 68
 85 68
 87 68
 88 68
 31 69
 36 69
 37 69
 61 69
 62 69
 74 69
 75 69
 85 69
 86 69
 87 69
 88 69
 31 70
 32 70
 33 70
 37 70
 38 70
 73 70
 74 70
 86 70
 87 70
 136 70
 137 70
 138 70
 139 70
 31 71
 32 71
 33 71
 34 71
 38 71
 39 71
 72 71
 73 71
 133 71
 134 71
 135 71
 136 71
 137 71
 138 71
 139 71
 31 72
 32 72
 34 72
 35 72
 36 72
 39 72
 40 72
 72 72
 73 72
 128 72
 129 72
 130 72
 131 72
 132 72
 133 72
 134 72
 135 72
 137 72
 138 72
 32 73
 33 73
 35 73
 36 73
 37 73
 38 73
 39 73
 40 73
 41 73
 71 73
 72 73
 122 73
 123 73
 124 73
 125 73
 126 73
 127 73
 128 73
 129 73
 130 73
 131 73
 136 73
 137 73
 32 74
 33 74
 37 74
 38 74
 39 74
 40 74
 41 74
 71 74
 113 74
 114 74
 115 74
 116 74
 117 74
 118 74
 119 74
 120 74
 121 74
 122 74
 123 74
 124 74
 125 74
 126 74
 135 74
 136 74
 33 75
 34 75
 70 75
 71 75
 99 75
 100 75
 101 75
 102 75
 103 75
 104 75
 105 75
 106 75
 107 75
 108 75
 109 75
 110 75
 111 75
 112 75
 113 75
 114 75
 115 75
 116 75
 117 75
 118 75
 119 75
 134 75
 135 75
 34 76
 35 76
 69 76
 70 76
 71 76
 72 76
 73 76
 74 76
 75 76
 76 76
 77 76
 78 76
 79 76
 80 76
 81 76
 82 76
 83 76
 84 76
 85 76
 86 76
 87 76
 88 76
 89 76
 90 76
 91 76
 92 76
 93 76
 94 76
 95 76
 96 76
 97 76
 98 76
 99 76
 100 76
 101 76
 102 76
 103 76
 104 76
 105 76
 106 76
 107 76
 108 76
 109 76
 110 76
 132 76
 133 76
 134 76
 35 77
 36 77
 37 77
 73 77
 74 77
 75 77
 76 77
 77 77
 78 77
 79 77
 80 77
 81 77
 82 77
 83 77
 84 77
 85 77
 86 77
 87 77
 88 77
 89 77
 90 77
 91 77
 92 77
 130 77
 131 77
 132 77
 36 78
 37 78
 38 78
 39 78
 128 78
 129 78
 130 78
 131 78
 38 79
 39 79
 40 79
 126 79
 127 79
 128 79
 129 79
 32 80
 33 80
 34 80
 35 80
 36 80
 37 80
 38 80
 39 80
 123 80
 124 80
 125 80
 126 80
 127 80
 32 81
 33 81
 34 81
 35 81
 36 81
 37 81
 119 81
 120 81
 121 81
 122 81
 123 81
 124 81
 33 82
 34 82
 114 82
 115 82
 116 82
 117 82
 118 82
 119 82
 120 82
 121 82
 34 83
 35 83
 108 83
 109 83
 110 83
 111 83
 112 83
 113 83
 114 83
 115 83
 116 83
 117 83
 34 84
 35 84
 36 84
 97 84
 98 84
 99 84
 100 84
 101 84
 102 84
 103 84
 104 84
 105 84
 106 84
 107 84
 108 84
 109 84
 110 84
 111 84
 112 84
 35 85
 36 85
 37 85
 38 85
 84 85
 85 85
 86 85
 87 85
 88 85
 89 85
 90 85
 91 85
 92 85
 93 85
 94 85
 95 85
 96 85
 97 85
 98 85
 99 85
 100 85
 101 85
 102 85
 103 85
 104 85
 105 85
 37 86
 38 86
 84 86
 85 86
 86 86
 87 86
 88 86
 89 86
 90 86
 91 86
 37 87
 38 87
 87 87
 88 87
 89 87
 90 87
 37 88
 38 88
 89 88
 90 88
 91 88
 92 88
 37 89
 91 89
 92 89
 93 89
 94 89
 37 90
 93 90
 94 90
 95 90
 96 90
 97 90
 36 91
 37 91
 96 91
 97 91
 98 91
 99 91
 100 91
 36 92
 37 92
 79 92
 80 92
 81 92
 99 92
 100 92
 101 92
 102 92
 103 92
 104 92
 36 93
 37 93
 79 93
 80 93
 81 93
 82 93
 83 93
 102 93
 103 93
 104 93
 105 93
 106 93
 107 93
 108 93
 109 93
 110 93
 111 93
 112 93
 113 93
 114 93
 115 93
 116 93
 117 93
 36 94
 37 94
 80 94
 81 94
 82 94
 83 94
 84 94
 85 94
 86 94
 106 94
 107 94
 108 94
 109 94
 110 94
 111 94
 112 94
 113 94
 114 94
 115 94
 116 94
 117 94
 36 95
 37 95
 81 95
 82 95
 85 95
 86 95
 87 95
 88 95
 114 95
 115 95
 116 95
 36 96
 37 96
 73 96
 74 96
 82 96
 83 96
 87 96
 88 96
 89 96
 90 96
 91 96
 111 96
 112 96
 113 96
 114 96
 34 97
 35 97
 36 97
 73 97
 74 97
 83 97
 84 97
 90 97
 91 97
 92 97
 93 97
 94 97
 95 97
 96 97
 107 97
 108 97
 109 97
 110 97
 111 97
 112 97
 31 98
 32 98
 33 98
 34 98
 35 98
 36 98
 74 98
 75 98
 76 98
 84 98
 85 98
 86 98
 93 98
 94 98
 95 98
 96 98
 97 98
 98 98
 99 98
 100 98
 101 98
 102 98
 103 98
 104 98
 105 98
 106 98
 107 98
 108 98
 109 98
 28 99
 29 99
 30 99
 31 99
 32 99
 66 99
 67 99
 75 99
 76 99
 77 99
 85 99
 86 99
 87 99
 98 99
 99 99
 100 99
 101 99
 102 99
 103 99
 104 99
 25 100
 26 100
 27 100
 28 100
 29 100
 61 100
 66 100
 67 100
 68 100
 75 100
 76 100
 77 100
 78 100
 87 100
 88 100
 89 100
 23 101
 24 101
 25 101
 26 101
 61 101
 62 101
 66 101
 67 101
 68 101
 69 101
 76 101
